20.61 69.42 50.19 94.07
20.71 70.11 50.23 93.69
19.99 70.31 50.22 92.78
20.82 69.37 50.25 92.39
20.4 69.92 50.17 92.0
19.45 69.65 50.26 91.22
20.08 70.43 50.19 90.36
19.33 70.13 50.22 90.35
19.81 70.1 50.17 89.91
18.82 70.48 50.23 89.29
18.81 70.82 50.26 88.71
19.69 71.68 50.19 88.33
19.87 72.66 50.25 88.06
20.38 71.9 50.21 87.98
19.89 71.86 50.18 87.75
20.31 72.01 50.22 86.77
21.06 73.0 50.21 85.84
20.65 73.17 50.22 85.59
20.29 72.32 50.16 85.46
21.18 72.88 50.1 84.96
21.26 73.42 50.13 84.88
21.02 73.29 50.05 84.38
20.06 72.93 49.97 83.83
19.34 73.71 49.95 83.07
20.16 73.72 49.9 82.52
19.82 72.78 49.9 82.39
20.66 71.99 49.91 82.28
21.33 71.55 49.96 82.03
21.23 72.28 50.02 81.33
21.0 72.71 50.02 80.4
20.74 73.13 50.05 80.25
20.38 72.51 50.11 79.31
20.22 72.13 50.13 78.32
21.05 72.33 50.07 78.13
20.61 71.59 50.04 77.42
20.72 71.88 50.13 76.81
21.15 72.04 50.12 76.44
20.51 72.52 50.07 75.75
20.14 73.35 50.07 75.29
20.72 74.24 49.99 74.87
21.09 75.18 50.08 73.88
21.93 74.35 50.12 72.96
21.48 75.24 50.16 72.71
21.17 74.84 50.11 72.56
20.38 75.35 50.03 71.93
20.31 76.09 49.96 71.51
21.25 76.49 49.89 70.93
20.47 77.48 49.83 70.34
19.66 77.31 49.76 69.89
20.15 77.89 49.8 69.57
19.49 77.82 49.73 68.79
18.97 78.34 49.65 68.26
18.54 79.3 49.71 67.72
19.07 79.39 49.69 67.71
18.41 78.54 49.75 67.68
18.39 78.76 49.68 67.67
19.02 78.22 49.72 66.96
18.04 77.64 49.64 66.95
17.72 77.8 49.66 66.9
18.37 78.53 49.61 66.76